0.173178 0.406709 0.113067
-0.003629 0.340377 0.011987
0.163938 0.403242 0.107785
-0.825464 -0.309687 -0.471915
-0.441843 -0.165765 0.881644
-0.351260 0.936278 0.000000
-0.223221 -0.439231 0.156628
-0.052727 -0.351229 0.061417
-0.132617 -0.392465 0.106031
0.795991 0.410857 -0.444515
0.395001 0.203883 0.895771
0.458663 -0.888610 0.000000
-0.300410 -0.330563 0.126245
-0.223221 -0.439231 0.156628
-0.295433 -0.337569 0.128204
0.564615 -0.794870 0.222243
-0.128700 0.181186 0.974991
-0.815259 -0.579097 -0.000000
-0.003629 0.340377 0.011987
-0.300410 -0.330563 0.126245
-0.165438 -0.025428 0.074282
-0.399709 -0.903633 0.153884
0.062250 0.140731 0.988089
-0.914526 0.404527 0.000000
0.227165 0.280273 0.101090
0.173178 0.406709 0.113067
0.265101 0.191429 0.092675
-0.391210 0.916200 0.086787
0.034080 -0.079815 0.996227
0.919670 0.392692 0.000000
-0.052727 -0.351229 0.061417
0.227165 0.280273 0.101090
0.101964 -0.002210 0.083344
0.404533 0.912724 0.057341
-0.023235 -0.052423 0.998355
0.914228 -0.405200 0.000000
