-0.241683 -0.121549 0.002588
-0.032187 -0.076952 0.002310
0.199849 -0.027557 0.002001
0.978083 0.208212 -0.001302
0.001274 0.000271 0.999999
0.208212 -0.978084 0.000000
-0.270179 0.013477 0.002496
-0.241683 -0.121549 0.002588
-0.278241 0.051681 0.002470
0.206490 -0.978448 0.000668
-0.000138 0.000654 1.000000
-0.978449 -0.206490 -0.000000
0.482650 0.226232 0.002503
0.448983 0.358733 0.002442
0.482671 0.226147 0.002503
-0.246262 0.969203 -0.000444
-0.000109 0.000431 1.000000
0.969203 0.246262 0.000000
-0.032187 -0.076952 0.002310
0.482650 0.226232 0.002503
0.210962 0.066237 0.002401
0.861686 0.507441 0.000323
-0.000279 -0.000164 1.000000
0.507441 -0.861686 0.000000
0.448983 0.358733 0.002442
0.240180 0.310996 0.002433
0.131858 0.286231 0.002428
-0.974848 -0.222872 -0.000043
-0.000042 -0.000010 1.000000
-0.222872 0.974848 0.000000
0.240180 0.310996 0.002433
-0.270179 0.013477 0.002496
0.111251 0.235835 0.002449
-0.863919 -0.503630 0.000107
0.000093 0.000054 1.000000
-0.503630 0.863919 0.000000
