0.402496 2.563674 0.931054
0.402466 1.807320 1.267081
0.402486 2.332774 1.033636
-0.000036 -0.913870 0.406008
0.000016 0.406008 0.913870
-1.000000 0.000039 0.000000
1.180134 2.526912 0.002770
0.402496 2.563674 0.931054
0.773636 2.546129 0.488015
-0.641870 0.030343 0.766213
0.765358 -0.036181 0.642587
0.047221 0.998884 0.000000
0.402466 1.807320 1.267081
1.425593 2.073911 0.001177
0.946218 1.949003 0.594302
0.620320 0.161633 -0.767514
0.742715 0.193525 0.641032
0.252145 -0.967689 0.000000
1.425593 2.073911 0.001177
1.619411 2.165075 0.002494
1.207323 1.971244 -0.000306
0.904880 0.425622 0.006148
-0.005563 -0.002617 0.999981
0.425630 -0.904897 0.000000
1.619411 2.165075 0.002494
1.560453 2.289847 0.002564
1.503674 2.410010 0.002631
-0.427225 0.904145 0.000506
0.000216 -0.000458 1.000000
0.904145 0.427225 0.000000
1.560453 2.289847 0.002564
1.180134 2.526912 0.002770
1.254464 2.480580 0.002730
-0.848634 0.528980 0.000460
0.000391 -0.000244 1.000000
0.528980 0.848634 0.000000
