0.597761 -0.721985 0.004981
0.781444 -0.127372 0.598466
0.739217 -0.264069 0.462029
0.213595 0.691443 0.690133
-0.203693 -0.659388 0.723683
0.955451 -0.295150 0.000000
0.117729 -0.789442 0.004910
0.597761 -0.721985 0.004981
0.327581 -0.759952 0.004941
0.990270 0.139159 0.000147
-0.000146 -0.000020 1.000000
0.139159 -0.990270 0.000000
0.781444 -0.127372 0.598466
0.718794 -0.107151 0.603159
0.410146 -0.007528 0.626277
-0.949247 0.306390 0.071099
0.067662 -0.021839 0.997469
0.307168 0.951655 0.000000
-0.249801 -0.056086 0.519182
-0.249400 -0.072725 0.515772
-0.241887 -0.384500 0.451866
0.023600 -0.979359 -0.200745
0.004836 -0.200687 0.979644
-0.999710 -0.024090 -0.000000
-0.249400 -0.072725 0.515772
0.117729 -0.789442 0.004910
-0.118858 -0.327573 0.334121
0.384973 -0.751552 -0.535692
0.244225 -0.476781 0.844414
-0.890028 -0.455906 -0.000000
-0.183896 -0.053923 0.516378
-0.249801 -0.056086 0.519182
0.257274 -0.039441 0.497603
-0.998559 -0.032779 0.042495
0.042472 0.001394 0.999097
-0.032808 0.999462 0.000000
0.718794 -0.107151 0.603159
-0.183896 -0.053923 0.516378
0.323779 -0.083858 0.565184
-0.993700 0.058595 -0.095531
-0.095365 0.005623 0.995426
0.058864 0.998266 0.000000
