0.151497 0.448634 0.142344
-0.019884 0.575344 0.121111
0.397424 0.266809 0.172812
-0.800132 0.591576 -0.099131
-0.079710 0.058934 0.995074
0.594505 0.804092 0.000000
-0.062850 -0.333039 0.017164
0.095354 -0.472695 0.053843
-0.014255 -0.375937 0.028431
0.738612 -0.652018 0.171246
-0.128381 0.113330 0.985228
-0.661794 -0.749686 -0.000000
0.095354 -0.472695 0.053843
0.188593 -0.372742 0.051470
0.256212 -0.300253 0.049749
0.682015 0.731132 -0.017360
0.011841 0.012694 0.999849
0.731242 -0.682118 0.000000
0.188593 -0.372742 0.051470
0.151497 0.448634 0.142344
0.171930 -0.003786 0.092290
-0.044843 0.992936 0.109854
0.004956 -0.109742 0.993948
0.998982 0.045117 0.000000
-0.019884 0.575344 0.121111
-0.095311 0.466438 0.082458
-0.177366 0.347962 0.040409
-0.546576 -0.789179 -0.280091
-0.159475 -0.230259 0.959973
-0.822084 0.569366 0.000000
-0.095311 0.466438 0.082458
-0.062850 -0.333039 0.017164
-0.075089 -0.031607 0.041782
0.040435 -0.995866 -0.081333
0.003300 -0.081266 0.996687
-0.999177 -0.040570 -0.000000
