0.250033 -0.927336 0.000395
0.589060 -1.045649 0.000376
0.304307 -0.946276 0.000392
0.944158 -0.329492 -0.000053
0.000050 -0.000018 1.000000
-0.329492 -0.944158 -0.000000
0.273928 -0.714482 0.000398
0.250033 -0.927336 0.000395
0.278049 -0.677774 0.000399
-0.111559 -0.993758 -0.000014
-0.000002 -0.000014 1.000000
-0.993758 0.111559 0.000000
0.589060 -1.045649 0.000376
0.727006 -1.049542 0.000388
0.383743 -1.039855 0.000357
0.999602 -0.028211 0.000090
-0.000090 0.000003 1.000000
-0.028211 -0.999602 -0.000000
0.818068 -0.010802 1.224968
0.752097 -0.012778 1.224970
0.373563 -0.024119 1.224979
-0.999551 -0.029947 0.000023
0.000023 0.000001 1.000000
-0.029947 0.999551 0.000000
0.752097 -0.012778 1.224970
0.273928 -0.714482 0.000398
0.496366 -0.388058 0.570053
-0.320882 -0.470888 -0.821766
-0.462756 -0.679085 0.569825
-0.826373 0.563124 0.000000
0.727006 -1.049542 0.000388
0.818068 -0.010814 1.207768
0.773092 -0.523845 0.611440
0.057081 0.651114 0.756831
-0.066095 -0.753939 0.653611
0.996179 -0.087332 0.000000
