0.250036 -0.927338 -0.000000
0.589057 -1.045648 -0.000001
0.306716 -0.947118 -0.000000
0.944160 -0.329489 -0.000000
0.000000 -0.000000 1.000000
-0.329489 -0.944160 -0.000000
0.273927 -0.714484 -0.000000
0.250036 -0.927338 -0.000000
0.276276 -0.693563 -0.000000
-0.111543 -0.993760 -0.000001
-0.000000 -0.000001 1.000000
-0.993760 0.111543 0.000000
0.727002 -1.049543 -0.000001
0.818064 -0.010479 1.224970
0.772618 -0.529033 0.613639
0.056599 0.645830 0.761381
-0.066471 -0.758473 0.648305
0.996182 -0.087304 0.000000
0.589057 -1.045648 -0.000001
0.727002 -1.049543 -0.000001
0.381305 -1.039782 -0.000000
0.999602 -0.028224 -0.000000
0.000000 -0.000000 1.000000
-0.028224 -0.999602 -0.000000
0.818064 -0.010479 1.224970
0.752095 -0.012501 1.224970
0.369817 -0.024213 1.224971
-0.999531 -0.030624 0.000000
0.000000 0.000000 1.000000
-0.030624 0.999531 0.000000
0.752095 -0.012501 1.224970
0.273927 -0.714484 -0.000000
0.496074 -0.388357 0.569096
-0.320782 -0.470930 -0.821781
-0.462637 -0.679184 0.569804
-0.826478 0.562969 0.000000
