-0.194296 -0.054466 0.156381
-0.055707 -0.216975 0.140204
-0.097105 -0.168432 0.145036
0.647034 -0.758711 -0.075524
0.049007 -0.057465 0.997144
-0.760885 -0.648887 -0.000000
0.492332 -0.016623 0.120623
0.356304 0.129219 0.042494
0.495887 -0.020433 0.122664
-0.635078 0.680899 -0.364764
-0.248796 0.266746 0.931100
0.731284 0.682073 0.000000
0.407996 -0.118561 0.086189
0.492332 -0.016623 0.120623
0.425120 -0.097864 0.093181
0.616898 0.745651 0.251874
-0.160557 -0.194067 0.967760
0.770492 -0.637450 0.000000
-0.055707 -0.216975 0.140204
0.407996 -0.118561 0.086189
0.065576 -0.191235 0.126076
0.971922 0.206276 -0.113215
0.110749 0.023505 0.993570
0.207611 -0.978212 0.000000
-0.089012 0.034696 0.159434
-0.194296 -0.054466 0.156381
-0.008056 0.103256 0.161783
-0.762927 -0.646106 -0.022129
-0.016887 -0.014301 0.999755
-0.646264 0.763114 0.000000
0.356304 0.129219 0.042494
-0.089012 0.034696 0.159434
-0.065702 0.039644 0.153313
-0.947447 -0.201105 0.248800
0.243378 0.051660 0.968555
-0.207635 0.978206 0.000000
