-0.192486 0.166855 0.146772
-0.478188 -0.247988 0.045244
-0.281044 0.038267 0.115302
-0.556018 -0.807344 -0.197587
-0.112071 -0.162729 0.980285
-0.823580 0.567200 0.000000
0.024161 0.033270 0.140709
-0.192486 0.166855 0.146772
-0.111279 0.116782 0.144499
-0.850955 0.524699 0.023813
0.020269 -0.012498 0.999716
0.524847 0.851196 0.000000
-0.478188 -0.247988 0.045244
-0.350573 -0.195468 0.044885
-0.258335 -0.157506 0.044626
0.924743 0.380583 -0.002601
0.002405 0.000990 0.999997
0.380584 -0.924746 0.000000
-0.350573 -0.195468 0.044885
0.024161 0.033270 0.140709
-0.128365 -0.059832 0.101707
0.833920 0.509024 0.213243
-0.182014 -0.111101 0.976999
0.521007 -0.853552 0.000000
