0.332221 -0.290915 0.105217
0.334833 -0.122910 -0.027617
0.330794 -0.382713 0.177797
0.012196 0.784374 -0.620168
0.009642 0.620093 0.784469
0.999879 -0.015547 0.000000
-0.490743 0.371035 0.156026
-0.454064 0.176176 0.075015
-0.461475 0.215549 0.091384
0.171244 -0.909740 -0.378217
0.069965 -0.371689 0.925717
-0.982741 -0.184985 -0.000000
-0.359485 0.405747 0.131318
-0.490743 0.371035 0.156026
-0.280015 0.426763 0.116358
-0.951142 -0.251538 0.179044
0.173094 0.045776 0.983841
-0.255669 0.966764 0.000000
0.334833 -0.122910 -0.027617
-0.359485 0.405747 0.131318
-0.087844 0.198918 0.069137
-0.782748 0.595987 0.179177
0.142557 -0.108544 0.983817
0.605791 0.795624 0.000000
0.196209 -0.300696 0.095476
0.332221 -0.290915 0.105217
0.002664 -0.314613 0.081615
0.994889 0.071541 0.071253
-0.071070 -0.005111 0.997458
0.071723 -0.997425 0.000000
-0.454064 0.176176 0.075015
0.196209 -0.300696 0.095476
-0.123179 -0.066475 0.085427
0.806142 -0.591178 0.025366
-0.020455 0.015000 0.999678
-0.591368 -0.806402 -0.000000
