1.858179 0.787864 0.802817
2.072287 0.781890 0.802808
1.727409 0.791514 0.802822
0.999611 -0.027895 -0.000041
0.000041 -0.000001 1.000000
-0.027895 -0.999611 -0.000000
1.341208 1.085512 0.602855
1.858179 0.787864 0.802817
1.770365 0.838424 0.768851
0.821689 -0.473090 0.317826
-0.275435 0.158583 0.948149
-0.498961 -0.866624 -0.000000
2.072287 0.781890 0.802808
2.079387 0.918416 0.802591
2.093421 1.188247 0.802163
0.051937 0.998649 -0.001586
0.000082 0.001584 0.999999
0.998650 -0.051937 0.000000
1.585319 1.755181 1.003329
1.332778 1.223254 0.602682
1.538640 1.656861 0.929275
-0.354589 -0.746869 -0.562542
-0.241265 -0.508177 0.826769
-0.903359 0.428885 0.000000
1.332778 1.223254 0.602682
1.341208 1.085512 0.602855
1.335308 1.181918 0.602734
0.061090 -0.998132 0.001249
-0.000076 0.001247 0.999999
-0.998132 -0.061090 -0.000000
1.651258 1.757940 1.002669
1.585319 1.755181 1.003329
1.711940 1.760478 1.002062
-0.999076 -0.041797 0.009997
0.009989 0.000418 0.999950
-0.041799 0.999126 0.000000
2.079387 0.918416 0.802591
1.651258 1.757940 1.002669
1.845094 1.377844 0.912084
-0.444397 0.871424 0.207681
0.094350 -0.185012 0.978197
0.890847 0.454303 0.000000
