0.186453 0.687787 0.272188
0.013072 0.588168 0.195424
0.017739 0.590849 0.197491
-0.809473 -0.465094 -0.358388
-0.310747 -0.178544 0.933573
-0.498187 0.867070 0.000000
0.013072 0.588168 0.195424
-0.452682 -0.344100 0.028405
-0.160088 0.241565 0.133329
-0.441290 -0.883301 -0.158247
-0.070724 -0.141563 0.987400
-0.894573 0.446922 0.000000
-0.358258 -0.442622 0.007872
0.471394 -0.876761 0.531830
0.063291 -0.663209 0.274097
0.773207 -0.404603 0.488311
-0.432655 0.226400 0.872670
-0.463638 -0.886025 -0.000000
-0.452682 -0.344100 0.028405
-0.358258 -0.442622 0.007872
-0.393486 -0.405865 0.015533
0.684232 -0.713925 -0.148788
0.102951 -0.107419 0.988869
-0.721961 -0.691933 -0.000000
0.268115 0.588389 0.225914
0.186453 0.687787 0.272188
0.401266 0.426317 0.150464
-0.597330 0.727069 0.338478
0.214866 -0.261534 0.940974
0.772677 0.634799 0.000000
0.548681 0.189189 0.673246
0.268115 0.588389 0.225914
0.527192 0.219765 0.638984
-0.423846 0.603062 -0.675774
-0.388578 0.552882 0.737109
0.818146 0.575011 0.000000
0.471394 -0.876761 0.531830
0.488517 -0.875571 0.530725
0.211956 -0.894798 0.548580
0.995529 0.069214 -0.064274
0.064119 0.004458 0.997932
0.069358 -0.997592 0.000000
0.488517 -0.875571 0.530725
0.548681 0.189189 0.673246
0.536236 -0.031066 0.643765
0.055918 0.989609 0.132462
-0.007473 -0.132251 0.991188
0.998407 -0.056415 0.000000
