-0.160015 -0.261269 0.321029
0.046991 -0.206461 0.316297
0.032062 -0.210414 0.316638
0.966455 0.255883 -0.022097
0.021361 0.005656 0.999756
0.255945 -0.966691 0.000000
0.173548 0.132795 0.004569
0.032479 0.293153 0.020784
0.117309 0.196724 0.011033
-0.658611 0.748666 0.075701
0.050001 -0.056838 0.997131
0.750820 0.660506 0.000000
0.046991 -0.206461 0.316297
0.173548 0.132795 0.004569
-0.005135 -0.346195 0.444692
0.264878 0.710050 -0.652433
0.228034 0.611285 0.757847
0.936931 -0.349514 0.000000
-0.198177 -0.129993 0.320934
-0.160015 -0.261269 0.321029
-0.218684 -0.059450 0.320883
0.279150 -0.960247 0.000698
-0.000195 0.000671 1.000000
-0.960248 -0.279150 -0.000000
0.032479 0.293153 0.020784
-0.072486 0.205698 0.015925
-0.115729 0.169669 0.013924
-0.767795 -0.639709 -0.035536
-0.027302 -0.022747 0.999368
-0.640113 0.768281 0.000000
-0.072486 0.205698 0.015925
-0.198177 -0.129993 0.320934
-0.246279 -0.258461 0.437660
-0.267055 -0.713240 0.648051
0.227240 0.606903 0.761597
-0.936506 0.350651 0.000000
