0.069313 -0.928560 0.000000
0.408600 -1.047181 -0.000000
0.123540 -0.947518 0.000000
0.943971 -0.330030 -0.000000
0.000000 -0.000000 1.000000
-0.330030 -0.943971 -0.000000
0.093408 -0.715728 0.000000
0.069313 -0.928560 0.000000
0.097847 -0.676520 0.000000
-0.112493 -0.993653 0.000000
0.000000 0.000000 1.000000
-0.993653 0.112493 0.000000
0.546546 -1.051045 -0.000000
0.653646 -0.012500 1.221115
0.600241 -0.530369 0.612208
0.066663 0.646423 0.760061
-0.077968 -0.756052 0.649852
0.994725 -0.102582 0.000000
0.408600 -1.047181 -0.000000
0.546546 -1.051045 -0.000000
0.203846 -1.041445 -0.000000
0.999608 -0.027999 -0.000000
0.000000 -0.000000 1.000000
-0.027999 -0.999608 -0.000000
0.587643 -0.012500 1.203929
0.093408 -0.715728 0.000000
0.323502 -0.388336 0.560496
-0.334107 -0.475388 -0.813866
-0.467976 -0.665866 0.581052
-0.818151 0.575003 0.000000
0.653643 -0.012500 1.203915
0.587646 -0.012500 1.221129
0.344865 -0.012500 1.284452
-0.967628 0.000000 0.252380
0.252380 -0.000000 0.967628
0.000000 1.000000 0.000000
