-0.789704 -0.298890 0.686202
0.212431 -0.215216 -0.000000
-0.304575 -0.258384 0.354014
0.823152 0.068730 -0.563646
0.561691 0.046899 0.826017
0.083207 -0.996532 0.000000
0.508074 0.275831 0.302647
0.445292 0.469823 0.237048
0.604013 -0.020615 0.402890
-0.293112 0.905698 -0.306263
-0.094301 0.291384 0.951947
0.951416 0.307907 0.000000
0.212431 -0.215216 -0.000000
0.315026 -0.150134 0.065441
0.435202 -0.073899 0.142096
0.743444 0.471608 0.474211
-0.400438 -0.254020 0.880411
0.535668 -0.844429 0.000000
0.315026 -0.150134 0.065441
0.508074 0.275831 0.302647
0.421405 0.084594 0.196153
0.368142 0.812312 0.452350
-0.186725 -0.412013 0.891840
0.910827 -0.412789 0.000000
-0.795622 -0.237325 0.709239
-0.789704 -0.298890 0.686202
-0.806447 -0.124703 0.751381
0.089663 -0.932807 -0.349044
0.033397 -0.347443 0.937106
-0.995412 -0.095680 -0.000000
-0.786872 -0.231491 0.695895
-0.795622 -0.237325 0.709239
-0.601334 -0.107779 0.412944
-0.515006 -0.343391 0.785399
0.653460 0.435708 0.618990
-0.554760 0.832010 0.000000
0.445292 0.469823 0.237048
0.331296 0.418009 0.182184
0.160557 0.340405 0.100009
-0.833849 -0.379000 -0.401317
-0.365349 -0.166058 0.915939
-0.413783 0.910376 0.000000
0.331296 0.418009 0.182184
-0.786872 -0.231491 0.695895
-0.256564 0.076544 0.452260
-0.803617 -0.466789 0.369199
0.319250 0.185440 0.929350
-0.502275 0.864708 0.000000
