-0.281198 -0.181809 0.110216
-0.068945 -0.186974 0.081936
-0.168032 -0.184563 0.095138
0.990952 -0.024117 -0.132029
0.131990 -0.003212 0.991246
-0.024330 -0.999704 -0.000000
0.095344 0.451837 0.102959
-0.085208 0.392566 0.004136
0.102942 0.454331 0.107118
-0.842946 -0.276718 -0.461378
-0.438362 -0.143903 0.887204
-0.311899 0.950115 0.000000
0.150993 0.328690 0.082274
0.095344 0.451837 0.102959
0.163192 0.301696 0.077740
-0.407061 0.900782 0.151303
0.062307 -0.137878 0.988487
0.911273 0.411802 0.000000
-0.068945 -0.186974 0.081936
0.150993 0.328690 0.082274
0.028797 0.042191 0.082086
0.392320 0.919828 0.000602
-0.000236 -0.000554 1.000000
0.919829 -0.392320 0.000000
-0.281199 -0.046393 0.083635
-0.281198 -0.181809 0.110216
-0.281199 -0.025336 0.079502
0.000004 -0.981275 0.192610
-0.000001 0.192610 0.981275
-1.000000 -0.000004 -0.000000
-0.085208 0.392566 0.004136
-0.281199 -0.046393 0.083635
-0.238301 0.049683 0.066235
-0.402235 -0.900881 0.163159
0.066519 0.148983 0.986600
-0.913117 0.407698 0.000000
