0.069991 -0.927336 0.000745
0.409021 -1.045651 0.000726
0.123692 -0.946077 0.000742
0.944158 -0.329492 -0.000054
0.000051 -0.000018 1.000000
-0.329492 -0.944158 -0.000000
0.093887 -0.714482 0.000743
0.069991 -0.927336 0.000745
0.098013 -0.677732 0.000743
-0.111564 -0.993757 0.000009
0.000001 0.000009 1.000000
-0.993757 0.111564 0.000000
0.409021 -1.045651 0.000726
0.546966 -1.049544 0.000735
0.203081 -1.039839 0.000713
0.999602 -0.028209 0.000065
-0.000065 0.000002 1.000000
-0.028209 -0.999602 -0.000000
0.638030 -0.011178 1.207766
0.572057 -0.013058 1.207764
0.193871 -0.023835 1.207753
-0.999594 -0.028486 -0.000030
-0.000030 -0.000001 1.000000
-0.028486 0.999594 0.000000
0.572057 -0.013058 1.207764
0.093887 -0.714482 0.000743
0.317420 -0.386583 0.564998
-0.324040 -0.475332 -0.817959
-0.460738 -0.675853 0.575276
-0.826268 0.563277 0.000000
0.546966 -1.049544 0.000735
0.638030 -0.011190 1.224966
0.592760 -0.527376 0.616377
0.056636 0.645799 0.761404
-0.066520 -0.758493 0.648277
0.996176 -0.087364 0.000000
