-0.721954 -0.186835 0.600558
0.129539 -0.173250 0.096415
-0.199970 -0.178507 0.291508
0.860408 0.013727 -0.509421
0.509357 0.008126 0.860517
0.015952 -0.999873 0.000000
0.584034 0.720630 0.467729
0.581807 0.763581 0.517792
0.593548 0.537084 0.253795
-0.033733 0.650776 0.758520
0.039265 -0.757503 0.651650
0.998659 0.051765 0.000000
0.129539 -0.173250 0.096415
0.584034 0.720630 0.467729
0.278594 0.119905 0.218191
0.425029 0.835927 0.347241
-0.157380 -0.309528 0.937776
0.891393 -0.453230 0.000000
-0.725956 -0.170546 0.603263
-0.721954 -0.186835 0.600558
-0.755885 -0.048731 0.623489
0.235556 -0.958735 -0.159191
0.037983 -0.154593 0.987248
-0.971118 -0.238598 -0.000000
-0.313399 0.680352 0.207161
-0.725956 -0.170546 0.603263
-0.507327 0.280377 0.393354
-0.402398 -0.829946 0.386349
0.168554 0.347642 0.922353
-0.899814 0.436273 0.000000
-0.181894 0.704965 0.179045
-0.313399 0.680352 0.207161
-0.226672 0.696584 0.188619
-0.961920 -0.180040 0.205657
0.202147 0.037835 0.978624
-0.183972 0.982931 0.000000
0.581807 0.763581 0.517792
0.567227 0.770175 0.511486
0.354854 0.866221 0.419639
-0.847711 0.383376 -0.366619
-0.334046 0.151072 0.930371
0.412068 0.911153 0.000000
0.567227 0.770175 0.511486
-0.181894 0.704965 0.179045
0.038488 0.724149 0.276845
-0.911159 -0.079315 -0.404349
-0.402826 -0.035066 0.914605
-0.086721 0.996233 0.000000
