0.185420 0.029579 0.061063
-0.021304 0.085640 0.060685
-0.008527 0.082175 0.060709
-0.965139 0.261732 -0.001764
-0.001702 0.000462 0.999998
0.261733 0.965140 0.000000
-0.707045 -0.310570 0.723510
-0.155790 -0.764618 0.122552
-0.496562 -0.483936 0.494050
0.590602 -0.486457 -0.643854
0.496978 -0.409342 0.765148
-0.635769 -0.771880 -0.000000
-0.155790 -0.764618 0.122552
-0.020756 -0.773345 0.103071
-0.173579 -0.763468 0.125118
0.987734 -0.063840 -0.142500
0.142204 -0.009191 0.989795
-0.064498 -0.997918 -0.000000
0.155796 -0.091854 0.116437
0.185420 0.029579 0.061063
0.099020 -0.324583 0.222560
0.216692 0.888250 -0.405039
0.095996 0.393499 0.914299
0.971509 -0.237004 0.000000
-0.020756 -0.773345 0.103071
0.155796 -0.091854 0.116437
0.140370 -0.151398 0.115269
0.250743 0.967868 0.018983
-0.004761 -0.018376 0.999820
0.968042 -0.250788 0.000000
-0.701399 -0.295513 0.729614
-0.707045 -0.310570 0.723510
-0.592732 -0.005732 0.847088
-0.328266 -0.875389 -0.354874
-0.124603 -0.332279 0.934914
-0.936331 0.351118 0.000000
-0.021304 0.085640 0.060685
-0.701399 -0.295513 0.729614
-0.323386 -0.083659 0.357808
-0.662044 -0.371037 0.651175
0.568047 0.318357 0.758928
-0.488896 0.872342 0.000000
