-0.266170 0.283886 0.062818
-0.233082 0.073353 0.041406
-0.236118 0.092668 0.043371
0.154480 -0.982926 -0.099966
0.015520 -0.098754 0.994991
-0.987874 -0.155258 -0.000000
0.310292 -0.095579 0.069708
0.267250 0.108101 0.019315
0.304192 -0.066712 0.062566
-0.200952 0.950928 -0.235275
-0.048644 0.230192 0.971929
0.978393 0.206756 0.000000
0.178600 -0.129100 0.045673
0.310292 -0.095579 0.069708
0.249635 -0.111019 0.058638
0.954286 0.242903 0.174172
-0.168790 -0.042963 0.984715
0.246673 -0.969099 0.000000
-0.233082 0.073353 0.041406
0.178600 -0.129100 0.045673
0.021378 -0.051783 0.044043
0.897324 -0.441275 0.009300
-0.008345 0.004104 0.999957
-0.441294 -0.897362 -0.000000
-0.132112 0.306906 0.076544
-0.266170 0.283886 0.062818
0.093629 0.345668 0.099658
-0.980595 -0.168381 -0.100403
-0.098954 -0.016992 0.994947
-0.169236 0.985576 0.000000
0.267250 0.108101 0.019315
-0.132112 0.306906 0.076544
0.042072 0.220196 0.051583
-0.887935 0.442019 0.127243
0.113909 -0.056705 0.991872
0.445641 0.895212 0.000000
