1.858186 0.787865 0.802589
2.072294 0.781895 0.802592
1.727259 0.791516 0.802587
0.999611 -0.027872 0.000015
-0.000015 0.000000 1.000000
-0.027872 -0.999611 -0.000000
1.341216 1.085511 0.602639
1.858186 0.787865 0.802589
1.770489 0.838357 0.768670
0.821695 -0.473091 0.317809
-0.275421 0.158574 0.948155
-0.498960 -0.866625 -0.000000
2.072294 0.781895 0.802592
2.079391 0.918421 0.802355
2.093409 1.188062 0.801885
0.051914 0.998650 -0.001737
0.000090 0.001735 0.999998
0.998652 -0.051914 0.000000
1.585321 1.755106 1.003129
1.332785 1.223253 0.602461
1.538799 1.657130 0.929320
-0.354604 -0.746812 -0.562608
-0.241318 -0.508225 0.826724
-0.903339 0.428927 0.000000
1.332785 1.223253 0.602461
1.341216 1.085511 0.602639
1.335322 1.181804 0.602514
0.061096 -0.998131 0.001288
-0.000079 0.001286 0.999999
-0.998132 -0.061096 -0.000000
1.651257 1.757935 1.002445
1.585321 1.755106 1.003129
1.710990 1.760497 1.001824
-0.999027 -0.042861 0.010377
0.010367 0.000445 0.999946
-0.042863 0.999081 0.000000
2.079391 0.918421 0.802355
1.651257 1.757935 1.002445
1.845008 1.378015 0.911894
-0.444405 0.871417 0.207694
0.094358 -0.185023 0.978194
0.890843 0.454312 0.000000
