-0.395689 -0.605118 0.364590
0.224716 -0.330437 0.058677
-0.102694 -0.475396 0.220118
0.833577 0.369062 -0.411025
0.375836 0.166400 0.911624
0.404840 -0.914387 0.000000
-0.014860 0.381135 0.084398
-0.196863 0.439162 0.181278
-0.171379 0.431037 0.167713
-0.849723 0.270912 0.452304
0.430932 -0.137391 0.891864
0.303759 0.952749 0.000000
0.224716 -0.330437 0.058677
-0.014860 0.381135 0.084398
0.109852 0.010723 0.071009
-0.318899 0.947170 0.034237
0.010925 -0.032448 0.999414
0.947726 0.319086 0.000000
-0.429370 -0.550183 0.350317
-0.395689 -0.605118 0.364590
-0.499611 -0.435619 0.320552
0.510324 -0.832348 0.216254
-0.113034 0.184361 0.976337
-0.852521 -0.522693 -0.000000
-0.196863 0.439162 0.181278
-0.251395 0.315773 0.152198
-0.310878 0.181183 0.120478
-0.395159 -0.894117 -0.210722
-0.085181 -0.192738 0.977546
-0.914655 0.404236 0.000000
-0.251395 0.315773 0.152198
-0.429370 -0.550183 0.350317
-0.338521 -0.108150 0.249186
-0.196444 -0.955819 0.218678
0.044024 0.214201 0.975797
-0.979526 0.201316 0.000000
