12.672143 1.247611 0.312995
12.880447 1.297247 0.308178
13.063963 1.340976 0.303934
0.972519 0.231736 -0.022490
0.021878 0.005213 0.999747
0.231795 -0.972765 0.000000
13.295074 1.889212 0.459755
13.207243 1.993977 0.459853
13.303009 1.879747 0.459746
-0.642454 0.766324 0.000713
0.000458 -0.000547 1.000000
0.766324 0.642455 0.000000
12.880447 1.297247 0.308178
13.295074 1.889212 0.459755
13.166197 1.705214 0.412641
0.561479 0.801629 0.205263
-0.117758 -0.168125 0.978707
0.819069 -0.573695 0.000000
12.640373 1.381901 0.312104
12.672143 1.247611 0.312995
12.604463 1.533693 0.311097
0.230216 -0.973118 0.006456
-0.001486 0.006282 0.999979
-0.973139 -0.230220 -0.000000
13.207243 1.993977 0.459853
13.039956 1.860449 0.467788
12.895099 1.744824 0.474660
-0.781018 -0.623409 0.037049
0.028956 0.023113 0.999313
-0.623837 0.781554 0.000000
13.039956 1.860449 0.467788
12.640373 1.381901 0.312104
13.021225 1.838016 0.460490
-0.621839 -0.744726 -0.242279
-0.155285 -0.185972 0.970207
-0.767595 0.640935 0.000000
